BLEU-1: 0.419970
BLEU-2: 0.224301
BLEU-3: 0.122551
BLEU-4: 0.065220
